-105
-2
-256
-124
-84
-489
-479
-210
-121
-180
-318
-214
-474
-288
-44
-466
-117
-388
-237
-277
-438
-450
-163
-137
-491
-455
-474
-160
-362
-481
-416
-286
-180
-109
-336
-16
-95
-335
-329
-466
-322
-17
-17
-21
-40
-345
-475
-50
-428
-402
-399
-400
-500
-92
-292
-303
-75
-278
-149
-203
-325
-260
-485
-142
-476
-76
-315
-336
-49
-165
-298
-57
-359
-310
-243
-140
-331
-170
-207
-129
-433
-395
-12
-255
-210
-142
-180
-76
-44
-324
-227
-4
-102
-92
-481
-153
-135
-363
-192
-52
-427
-334
-157
-445
-431
-427
-52
-107
-334
-245
-23
-235
-55
-369
-69
-236
-100
-497
-439
-13
-111
-206
-215
-85
-303
-68
-343
-406
-455
-293
-361
-179
-332
-33
-259
-45
-276
-295
-217
-311
-462
-47
-45
-257
-331
-341
-312
-397
-289
-323
-228
-489
-496
-42
-455
-225
-54
-308
-161
-470
-6
-341
-221
-204
-41
-483
-25
-41
-194
-466
-301
-314
-432
-252
-40
-27
-116
-231
-231
-375
-446
-101
-464
5
-75
-326
-398
-66
-145
-404
-20
-38
-46
-40
-164
-333
-335
-130
-135
-34
-333
-380
-285
-323
-122
-340
-239
-63
-401
-84
-376
-381
-378
-177
-105
-111
-334
-149
-275
-221
-114
-320
-42
-143
-440
-199
-430
-48
-236
-140
-330
-41
-232
-435
-425
1
-235
-106
-66
-385
-274
-98
-102
-22
-193
-149
-22
-157
-368
-106
-340
-283
-175
-442
-163
-488
-396
-127
-262
1
-298
-135
-487
-150
-67
-279
-330
-267
-318
-285
-466
-286
-233
-376
-409
-247
-118
-257
-382
-17
4
-171
-219
-486
-471
-79
-288
-147
-134
-207
-160
-22
-473
-104
-96
-258
-487
-102
-184
-189
-264
-48
-210
-208
-190
-320
-148
-49
-111
-208
-272
-104
-487
-34
-25
-359
-14
-148
-480
-312
-66
-198
-147
-242
-172
-12
-318
-137
-350
-300
-372
-78
-222
-121
-156
-132
-480
-48
-426
-13
-147
-358
-495
-368
-432
-492
-193
-353
-46
-26
-104
-483
-358
-294
-248
-445
-95
-500
-464
-202
-237
-271
-154
-150
-124
-25
-236
-199
-149
-50
-494
-151
-272
-445
-470
-147
-356
-471
-25
-32
-432
-491
-330
-392
-397
-19
-346
-217
-124
-380
-362
-332
-219
-99
-37
-177
-90
-304
-178
-211
-473
-492
-39
-497
-184
-468
-257
-270
-102
-72
-111
-310
-332
-391
-340
-399
-175
-437
-349
-193
-140
-34
-167
-145
-257
-348
-462
-205
-198
-417
-230
-346
-225
-345
-169
-210
-216
-386
-353
-255
-258
-296
8
-194
-417
-29
-104
-381
-82
-326
-439
-184
-109
-317
-450
-140
-315
-166
-247
-46
-150
-90
-77
3
-176
-197
-82
-426
-426
-3
-307
-130
-222
-384
-51
-131
-11
-272
-411
-234
-275
-400
-386
-65
-63
-429
-35
-427
-383
-258
-436
-63
-82
-222
-269
-414
-316
-430
-302
-336
-164
-116
-409
-136
-82
-425
-106
-258
-348
-472
3
-275
-124
-376
-329
-394
-292
-54
-87
-249
-28
-21
-9
6
-364
-482
-145
-444
-156
-375
-80
-17
-49
-267
-134
-277
-41
-216
-320
-170
-379
-317
-27
-272
-163
-67
-468
-211
-359
-115
-483
-125
4
-339
-398
-321
-200
-240
-280
-20
-482
-214
-8
-74
-183
-231
-292
-54
-357
-38
-282
-468
-302
-180
-465
-301
-391
-464
-500
-271
-471
-236
-259
-333
-179
-48
-151
-309
-88
-41
-61
-249
-344
-498
-46
-243
-358
-45
-83
-472
-380
-135
-272
-148
-487
-119
-254
-394
-419
-312
-379
-371
-156
-218
-387
-250
-69
-229
-304
-5
-65
5
-250
-339
-388
-121
-258
-79
-113
-381
-97
-436
-251
-499
-226
-3
-483
-241
-5
-27
-250
-325
-232
-394
-394
-343
-305
-432
-199
-409
-327
-78
-52
-121
-476
-144
-154
-140
-51
-62
-164
-55
-143
-500
-418
-32
-95
-318
-145
-371
-307
-343
-288
-457
-255
-287
-338
-96
-93
-204
5
-422
-377
-269
-486
-460
-450
-19
-343
-283
-6
-157
-9
-106
-101
-292
-124
-291
-183
-323
-491
6
-171
-472
-376
-349
-38
-429
-389
-197
-341
-221
3
-171
-199
-247
-249
-36
-171
-20
-305
-479
-423
-119
-279
-9
-367
-234
-293
-168
-94
-171
-75
-287
-265
-276
-69
-330
-160
-457
-93
-383
-212
-394
-278
-313
-492
-466
4
-148
-252
-321
-480
-194
-58
-421
-16
-311
-380
-398
4
-357
-213
-440
-66
-379
-192
-108
-337
-14
-11
-363
-113
-84
-436
-373
-124
-428
-425
-301
-146
-322
-279
-112
-104
-426
-462
-15
-150
-24
-316
-150
-388
-189
-83
-296
-387
-28
-265
-310
-483
-445
-100
-77
-10
-315
-316
-182
-234
-400
-364
-244
-195
-358
-434
-420
-390
-329
-17
-415
-258
-458
-130
-306
-165
-94
-118
-400
-452
-385
-53
-109
-214
-369
-143
-443
-429
-437
-290
-341
-454
-408
-94
-423
-493
-464
-114
-297
-196
-316
-470
-213
-379
-434
-39
-441
-235
-226
-167
-191
-493
-259
-232
-125
-89
-27
-93
-360
-271
-107
-36
-274
-116
-312
-461
-183
-62
-232
-368
-259
-9
-219
-390
-391
-459
-184
-258
-5
-379
-116
-377
-109
-164
-77
-257
-264
-181
-103
-440
-149
-245
-110
-165
-69
-139
-341
-76
-424
-95
-148
6
-312
-435
-210
-93
-187
-491
-497
-281
-151
-235
-367
-71
-324
-180
-73
-50
-237
-277
-44
-348
-302
-148
-80
-463
-135
-307
-297
-409
0
-257
-272
-370
-487
-97
-213
-432
-432
-182
-255
-141
-118
-198
-141
-270
-256
-323
-163
-453
-70
-289
-118
-420
-238
-473
-55
-24
-374
-117
-83
-122
-431
-13
-406
-244
-244
-418
-66
-105
-330
-345
-447
-229
-193
-467
-473
-381
-77
-127
-488
-372
-365
-99
5
-215
-307
-170
-498
-12
-40
-355
-60
-409
-247
-236
-439
-328
-357
-467
-175
-297
-475
-213
-355
-114
-4
-426
-489
-477
-416
-260
-342
-3
-45
-123
-202
-410
-82
-138
-35
-449
-384
-38
-172
-221
-269
-91
-438
-110
-215
-289
-344
-94
-430
-269
-351
-194
-159
-265
-281
-378
-101
-158
-227
-417
-126
-301
-227
-88
-472
-18
-135
-339
-331
-37
-17
-40
4
-170
-39
-427
-177
-54
-354
-391
0
-377
-462
-320
-447
-277
-79
-3
-382
-434
-410
-236
-161
-94
-32
-230
-69
-443
-243
-187
-320
-94
-285
-319
-294
-52
-483
-62
7
-225
-64
-21
-412
-29
-469
-294
-317
-278
-408
-385
-429
-304
-497
-416
-12
-185
-117
-326
-141
-179
-294
-99
-474
-227
-280
-74
-196
-114
-191
-236
-71
-375
-405
-215
-145
-484
-337
-160
-199
-12
-264
-28
-69
-349
-53
-342
-420
-30
-39
-389
-400
-136
-343
-492
-33
-404
-466
-235
-116
-202
-378
-5
-499
-136
-183
-186
-73
-180
-201
-330
-145
-204
-76
-229
-137
-286
-368
-309
-416
-155
0
-454
-346
-127
-155
-49
-29
-11
-217
-102
-432
-377
3
-37
-416
-427
-431
-146
-430
-485
-324
-52
-185
-447
-314
-9
-235
-132
-213
-450
-498
-277
-416
-272
-85
-184
-323
-63
-10
-128
-83
-39
1
-279
-418
-500
-111
-435
-455
-387
-206
-415
-165
-227
-130
-197
-339
-233
-169
-295
-302
-417
-218
2
-262
-355
-485
-382
-7
-344
-254
-429
-312
-311
-172
-215
-423
-172
-35
-282
-82
-144
-259
-474
-233
-135
-44
-176
-428
-222
-303
-255
-500
-3
-385
-222
-159
-251
-397
-379
-156
-83
-458
-487
-139
-394
-369
-263
-127
-11
-290
-128
-479
-104
-330
-218
-499
-188
-428
-415
-426
-304
-253
-238
-148
-157
-278
-94
-154
-392
-373
-301
-449
-451
-302
-320
-188
-129
-369
-416
-363
-218
-307
-376
-38
-74
-435
-75
-371
-442
-61
-8
-379
-359
-321
-369
-393
-190
-45
-178
-100
-143
-432
-480
-493
-154
-336
-378
-367
-427
-378
-231
-499
-410
-125
-5
-405
-14
-75
-313
-157
-428
-251
-122
-257
-386
-135
-173
-99
-372
-390
-201
-411
-392
-285
-4
-153
-68
-464
-81
-205
-61
-442
-99
-177
-191
-230
-18
-93
-284
-432
-32
-152
-177
-224
-273
-51
-4
-83
-171
-394
-30
-290
-386
-250
-372
-120
-334
-62
-87
-34
-212
-333
-345
-492
-268
-29
-362
-445
-403
-363
-10
-382
-471
-174
-231
-375
-379
-97
-201
-120
-5
-489
-205
-166
-227
-302
-415
-370
-484
-427
-191
-17
-412
-484
-438
-229
-280
-303
-385
-93
-442
-302
-122
-294
-337
-148
2
-453
-259
-447
-123
-140
-218
8
-202
-370
-353
-278
-18
-32
-146
-253
-232
-187
-320
-420
-320
-237
-264
-470
-203
-154
-284
-318
-214
-381
-491
-130
-101
-187
-199
-400
-236
-241
-405
-437
-248
-434
-362
-493
-256
-291
-82
-491
-37
-80
-261
-78
-327
-146
-306
-101
-465
-120
-350
-260
-22
-72
-444
-116
-486
-81
-258
-96
-414
7
-71
-260
-425
-97
-341
-255
-62
-402
-1
-362
-61
-118
-273
-333
-319
-27
-240
-27
-140
-127
-257
-404
-10
-428
-204
7
-145
-38
-468
-199
-50
9
-360
-309
-154
-224
-398
-432
-13
-190
-382
-267
-152
-128
-3
-269
-291
-50
-16
-226
-320
-24
-258
-424
-391
-445
-224
-375
-429
-398
-109
3
-247
-273
-285
-239
-268
-16
-219
-171
-53
-40
-110
-390
-279
-190
-53
-236
-58
-322
-306
-182
-200
-367
-286
-321
-296
-183
-73
-109
-294
-4
-315
-204
-466
-148
-110
-44
-241
-159
-142
-94
-156
-362
-76
-155
-212
-10
-489
-228
-229
-375
-167
-301
-409
-469
-464
-282
-493
-125
4
-494
-389
-491
-326
-453
-265
-209
-457
-22
-124
-247
-472
-102
-190
-49
-176
-27
-474
-495
-403
-94
-172
-107
-117
-449
-226
-187
0
-159
-238
-109
-207
-329
-105
-498
-390
-311
-424
-349
-64
-54
-367
-187
-32
-232
-269
-149
-44
-185
-495
-3
-79
-209
-159
-251
-263
-81
-435
-308
-161
-122
-375
-189
-188
-308
-155
-455
-11
-120
-313
-273
-270
-4
-463
-109
-462
-26
-225
-15
-150
-312
-394
-139
-290
-58
-415
-439
-213
-398
-12
-103
-219
-420
-315
-430
-39
-302
-265
-238
-428
-34
-288
-387
-220
-416
-325
0
-462
-73
-307
-212
-495
-445
-348
-466
-253
-497
-275
-164
-258
-359
-109
-207
-440
-3
-466
-469
-261
-351
-333
-245
-28
-168
-234
-499
-255
-43
4
-445
-137
-123
-331
-94
-393
-436
-278
-276
-460
-41
-185
-447
-286
-43
-271
-399
-438
-411
-257
-168
-252
-364
-80
-145
-433
-376
-273
-220
-48
-336
-457
-355
-421
-72
9
-274
-232
-3
-71
-132
-405
-318
5
-276
-141
-342
-152
-42
-206
-449
-257
-325
0
-304
-377
-486
-480
-317
-201
-108
-461
-162
-248
-427
-319
-277
-397
-70
-389
-71
-267
-447
-35
-312
-56
-381
-15
-211
-104
-389
-206
-146
-269
-318
-92
-463
-145
-113
-59
-101
-93
-432
-90
-329
-272
-343
-462
-70
-291
-321
-416
-304
-95
-68
-344
-269
-107
-391
-111
-277
-338
-213
-145
-488
-305
-491
-355
-401
3
-215
-491
-96
-144
-150
-356
-189
-446
-401
-3
-234
-359
-290
-323
-37
-63
-476
-480
-244
-115
-399
-5
-37
-186
-28
-489
-448
-380
-288
-20
-349
-338
-296
-307
-109
-449
-224
-233
-429
-149
-372
-213
-453
-368
-437
-422
-100
-51
-40
-483
-366
-468
-459
-316
-332
-31
-37
-268
-437
-210
-353
-295
-9
-290
-90
-20
-100
-169
-163
-167
-500
-480
-217
-384
-145
-45
8
-83
-326
-413
-378
-68
-435
-333
-276
-470
-138
-188
-238
-183
-289
-356
-496
-46
-256
-417
-198
-7
-289
-349
-435
-183
-320
-197
-230
-90
-428
-250
-121
-67
-110
-85
-24
-292
-182
-112
-289
-39
-427
-289
9
-227
-497
-327
-356
-291
-134
-356
-74
-315
-452
-139
-290
-103
-499
-259
-449
-155
-271
-398
8
-95
-428
-228
-40
-334
-361
-492
-434
-499
-308
-14
-435
-193
8
-136
-350
-57
-92
-133
-450
-193
-141
-61
-96
-390
-313
-421
-15
-76
-60
-184
-472
-11
-170
-346
-184
-329
-267
-171
-354
-485
-272
-495
-406
-307
-330
-296
-208
-445
-420
-470
-292
-82
-360
-341
-285
-243
-354
-492
-318
-224
-201
-468
-476
-88
-52
-401
-291
-295
-406
-478
-269
-442
-54
-135
-365
-282
-157
-106
-229
-410
-239
-342
-466
-46
-297
-364
-481
-216
-346
-298
-410
-142
-34
-49
-486
-189
-223
-313
-168
-217
-97
-200
-420
-97
-398
-104
-302
-90
-262
-133
-411
-317
-315
-109
-246
-117
-53
-321
-327
-457
-135
-264
-105
-433
-496
-480
-335
-494
-429
-368
-294
-21
-215
-480
-422
-308
-215
-246
-29
-430
-181
-6
-305
-280
-344
-328
-310
-246
-165
-121
1
-432
-92
-4
-287
-189
-342
-436
9
-211
-411
-335
-2
-186
-182
-325
-375
-347
-252
-485
-476
-239
-472
-222
-378
-156
-132
-171
-469
-230
-79
-436
-432
-375
-65
-480
-388
-476
-376
-109
-284
-14
-95
-149
-450
-218
-86
-185
-151
-461
-405
-297
-5
-285
-419
-159
5
-167
-74
-499
-440
-470
-108
-70
-117
-454
-426
-204
-192
-115
-403
-104
-403
-384
-373
-67
-365
-34
-73
-308
-357
-98
-42
-111
-34
-178
-48
-381
-155
-390
-447
-41
-7
-401
-2
-409
-118
-110
-480
-178
-294
-239
-229
-186
-305
-454
-370
-272
-298
-162
-311
-148
-354
-235
-12
-274
-372
-378
-481
-273
-249
-428
-203
-84
-426
-160
-259
-357
-347
-166
-34
-128
-236
-362
-491
-432
-22
-414
-174
-104
-233
-16
-406
-445
-275
-338
-5
-106
-388
-484
-477
-183
-128
-468
-96
-446
-50
-315
-286
0
-28
-106
-302
-229
-67
-154
-91
-138
-292
-415
-349
-223
-403
7
-83
-477
-134
-401
4
-235
-200
-391
-92
-15
-368
-178
-51
-469
-317
-290
-30
-236
-469
-233
-105
-361
-358
-279
-86
-107
-108
-421
-174
-361
-33
-201
-355
1
-24
-305
-461
-493
-65
-71
-345
-9
-131
-6
-210
-424
-226
-178
-333
-4
-260
-189
-305
-21
-281
-390
-426
-171
-477
-286
-11
-118
-119
-166
-417
-373
-340
-229
-391
-356
-263
-301
-71
-211
-107
-434
-435
-97
-243
-147
-168
-473
-490
-366
-311
-459
-456
-313
-270
-257
-98
-194
-425
-51
-39
-454
-361
-225
-429
-70
-475
-195
-483
-163
-198
-356
-171
-63
-8
-7
-312
-435
-223
-335
-212
-187
-173
-416
-56
-264
-36
-350
-389
-356
-230
-49
-485
-89
-455
-10
-219
-149
-129
-416
-356
-496
-86
-17
-195
-464
-406
-443
-91
-361
0
-351
-79
-204
-205
-391
-154
-206
-163
-107
-338
-261
-60
-38
-405
-66
-396
-236
-28
-343
-293
-172
-476
-250
-213
-2
-396
-27
-4
-379
-490
-146
-350
-38
-100
-6
-130
-62
-390
-468
-275
-113
-349
-14
-451
-30
8
-329
-387
-454
-127
-461
-56
-148
-84
-382
-484
-199
-25
-448
-106
-220
-123
-338
-466
-253
-93
-18
3
-452
-430
-368
-82
-155
-412
-390
-462
-117
-177
-228
-285
-331
-194
-346
-460
-29
-297
-428
-489
6
-133
-200
-287
0
-475
-158
-306
-497
-321
-2
-409
-495
-337
-172
-446
-288
-76
-469
-405
-206
-78
-11
-234
-240
-52
-305
-149
-259
-114
-422
3
-8
-445
-120
-26
-41
-384
-417
-288
-180
5
-111
-177
-31
-309
-286
-201
-254
-178
-151
-263
-391
-385
-450
-301
-206
-55
-337
-47
-482
-198
-224
-137
-243
-182
-279
-435
-311
-126
-496
-59
-313
-466
-261
-285
-355
-71
-417
-226
-269
-345
-259
-275
-482
-188
-196
-399
-243
-73
-489
-22
-159
-331
-232
-358
-29
2
-310
-353
-138
-102
-157
-483
-89
-146
-247
-338
-279
-210
-197
-57
-473
-58
-441
-180
-362
-244
-491
-329
-295
-324
-404
-350
-460
-252
-143
-182
-332
-125
-167
-195
8
-219
-448
-230
-192
-393
-329
-178
-152
-113
-74
-447
8
-373
-410
-429
-115
-436
-324
-398
-256
-223
-156
-332
-275
-93
-392
-469
-77
-367
-261
-250
-317
-233
-391
-179
1
-496
-212
-479
-188
-19
-440
-427
-143
-474
-59
-402
-247
-370
-317
-185
-70
-375
-146
-88
-305
-291
-462
-352
-329
-175
-192
-418
-255
-233
-323
-337
-234
-235
-204
-454
-428
-303
-149
-289
-465
-385
-162
-97
-21
-31
-60
-283
-125
-383
-177
-76
-112
-224
-232
-423
-210
-404
-495
-422
-108
-494
-134
-453
-358
-309
-493
-333
-178
-1
-294
-192
-50
-189
-364
-178
-156
-273
-203
-226
-384
-92
-312
-32
-260
-182
-480
-52
-390
-400
-64
-356
-78
-79
-318
-242
-59
-327
-393
-156
-485
-416
-335
-64
-301
-113
-42
-338
-301
-462
-131
-44
-416
-75
-115
-287
-214
-471
-101
-237
-355
-78
-194
-134
-441
-443
-446
-232
-335
-378
-227
-484
-82
-389
-187
-86
-250
-377
-190
-214
-145
-49
-273
-30
-416
-438
-316
-123
-26
-335
-20
-62
-158
-280
-315
-156
-197
-140
-395
-5
-143
-212
-407
-294
-368
-208
-9
-386
-408
-126
-18
-113
-336
1
-70
-356
-193
-267
-65
-273
-455
-340
-13
-139
-303
-415
-383
-379
-150
-246
-229
-397
-2
-319
-380
-51
-130
-454
-142
-247
-68
-76
-465
7
-388
-112
-285
-51
-85
-114
-299
-73
-230
-376
-392
-478
-208
-240
-253
3
-360
-309
-455
-44
-5
4
-8
-437
-135
-422
-21
-325
-337
-61
-99
-78
-290
-169
-34
-500
-98
-194
-295
-67
-167
-160
-246
-21
-309
-93
-326
-89
-48
-112
-451
-94
-90
-172
-228
-470
-322
-309
-28
-457
-93
-366
4
-208
-429
-487
-226
-177
-342
8
-203
-255
-397
-97
-238
-17
-206
-342
-473
-415
-338
-435
-30
-490
-262
-425
-93
-386
-172
-341
-450
-385
-116
-457
-261
-165
-237
-104
-407
-273
-56
-103
-289
-318
-380
-187
-112
-83
-287
-173
-242
-67
-338
-81
-341
-60
-17
-78
-79
-421
-274
-192
-85
-52
-295
-310
-165
-221
-319
-251
-279
-268
-447
-323
-10
-235
-37
-133
-353
-165
-280
-144
-276
-452
-215
-177
-297
-463
-102
-447
-167
-280
-145
-312
-34
-323
-10
-90
-401
-337
-467
-485
-329
-70
-470
-217
-234
-27
-103
-6
-177
-33
-265
-273
2
-151
-325
-395
-139
-30
-459
-152
-240
-344
-306
-226
-394
-376
-413
-105
-482
-70
-107
-292
-440
-416
-328
-468
-164
-306
-105
-189
-22
-102
-405
-38
-278
-388
-492
-97
-221
-467
-218
-300
-186
-4
-45
-299
-472
-394
-22
-61
-428
-373
-281
-379
-98
-377
-28
-272
-410
-404
-159
-196
-10
-364
-322
-2
-162
-191
-443
-258
-279
-62
-362
-258
-338
-441
-296
-382
-283
-366
-181
-453
-395
-345
-424
-245
-287
-186
-480
-283
-459
-83
-371
-179
-29
-477
-31
-102
-311
-379
-95
-14
-356
-128
-310
-378
-108
-413
-289
-379
-497
-64
-210
-298
-326
-290
-92
-75
-365
-235
-391
-49
-135
-161
-165
-199
-452
-242
-5
-274
-300
-243
-391
-71
-342
6
-484
-82
-464
-253
-422
-470
-297
-65
-28
-432
-359
-298
-305
-136
-276
-287
-265
-307
4
-340
-384
-184
-487
-474
-177
-207
-138
-241
-45
-356
-397
-191
-157
-449
-217
-152
-138
-414
-157
-338
-1
-49
-42
-417
-151
-35
-396
-112
-23
-102
-344
-276
-406
-319
-183
-136
-474
-162
-200
-24
-260
-383
-119
-432
7
-210
-106
-244
-396
-42
-79
-294
-290
-275
-332
-209
-465
-456
2
-69
-290
-189
-110
-147
-229
-21
-184
-166
-278
-6
-307
-385
-318
-120
-344
-443
3
-12
-419
-481
-480
-395
-306
-308
-468
-206
-456
-298
-76
-28
-341
-132
-165
-16
-17
-324
-276
-45
-414
-33
-323
-12
-84
-75
-96
-453
-196
-308
-108
-276
-383
-113
-57
-220
-411
3
-265
-494
-312
-345
-13
-220
-51
-9
-473
-138
-14
-481
-79
-286
-200
-380
-226
-185
-130
-447
-472
-270
-424
-336
-98
-385
-71
-169
-240
-98
-454
-333
-178
-212
-466
-488
-236
-179
-50
-51
-495
-466
-242
-396
-466
-311
-264
-365
-158
-79
-165
-395
-367
-85
-82
-174
-188
9
-195
-290
-389
-260
-14
-485
-466
-16
-14
-226
-373
-400
-140
-441
-459
-463
-253
-482
-97
-63
-345
-438
-74
-45
-71
-121
-238
-389
-53
-89
-108
-368
-268
-463
-112
-392
-395
-223
-153
-9
-60
-107
-2
-447
-113
-286
-20
-402
-493
-209
-179
-125
-76
-467
-82
-450
-492
-171
-405
-437
-496
-357
-266
-368
-328
-464
-270
-165
-154
-100
-166
-340
-427
-488
-222
-136
-200
-448
-112
-238
-237
-69
-318
-214
-437
-306
-270
-187
-314
-300
-78
-215
-95
-263
-79
-133
-394
-337
-347
-53
-70
-418
-316
-315
-205
3
-464
-13
-362
-379
-401
-412
-379
-422
-117
-274
-373
-317
-157
-125
-89
-193
-341
-73
-66
-424
-278
-282
-70
-145
-278
-45
-439
-355
-42
-374
-286
-179
-163
-442
-299
-63
-27
-226
-281
-307
-489
-17
-233
-420
-365
-147
-82
-113
-73
-208
-487
-459
-459
-425
-144
-153
-277
-231
-149
-208
-43
-405
-71
-3
-389
-240
-461
-384
-198
-81
-263
-48
-289
-399
-253
-253
-340
-491
-394
-412
-498
-146
-235
-9
-2
-130
-86
-241
-142
-304
-124
-422
-147
-275
-294
-213
-296
-330
-466
-86
-283
-313
-375
-61
-188
-161
-438
-290
-350
-98
-369
3
-166
-225
-404
-27
-198
-490
-67
-407
-146
-391
-487
-114
-273
-101
-202
-422
-255
-90
-209
-493
-382
-221
-24
-93
-426
-457
-139
-191
-311
-44
-392
-105
-410
-100
-177
-415
-91
-259
-4
-36
-321
-471
-72
-65
-438
-396
-155
-13
-85
-325
-376
-411
-12
-41
-308
7
-247
-438
-373
-126
-316
-267
-313
-246
-457
-485
-236
-379
-308
-240
-73
5
-480
-220
-15
-258
-4
-435
-65
-461
-247
-62
-214
-366
-408
-100
-390
-236
-35
-429
-394
-93
-280
-89
-258
-385
-35
-230
-45
-115
-302
-428
-475
-44
-445
-13
-154
-35
-176
-181
-352
-8
-432
-88
-331
-25
-15
-390
-29
-24
-209
9
-481
-278
-57
-460
-336
-222
-436
-289
-211
-340
-427
-163
-355
-494
-234
-385
-473
-294
-321
-451
-270
-143
-457
-25
-394
-298
-335
-10
-263
-265
-14
-382
-383
-386
-473
-32
-365
-231
-214
-448
-208
-177
-65
-283
-269
-346
-68
-354
-406
-202
-396
-236
-309
-137
-204
-325
-468
-313
-2
-141
-406
-305
-289
-87
-39
1
-242
-186
-319
-174
-198
-379
-480
-32
-382
-80
-130
-389
-301
-199
-315
-224
-83
-329
-63
-486
-35
-201
-288
-308
-426
-101
-371
-343
-242
-92
-291
-460
-380
-215
-500
-205
-467
-334
-132
-267
-277
-269
-402
-237
-446
-15
-276
-380
-81
-280
-236
-411
-438
-442
-291
-387
-313
-183
-227
-149
-132
-418
-221
-126
-367
-146
-132
-367
-281
-35
-182
-469
-221
-70
-484
-402
-81
-472
-265
-369
-461
-24
-8
-304
-210
-234
-391
-452
-169
-147
5
-128
-139
-477
7
-49
-397
-104
-448
-341
-473
-220
-485
-214
-455
-200
-271
-321
-182
-203
-466
-364
-183
-371
-18
-241
-143
-172
-371
-200
-423
-257
-73
-473
-106
-16
-22
7
-85
-35
-14
-234
-266
-34
-99
-341
-432
-247
-20
-87
-478
-340
-226
-352
-130
-200
-258
-378
-321
-408
-133
-362
-293
-125
-87
-106
-396
-406
-142
-8
-155
-42
-38
-99
-423
-50
-67
-398
-440
-371
-245
-339
-335
-175
-382
-120
-135
-143
-166
-17
-45
-201
-83
-152
-88
-124
-169
-284
-74
-119
-203
-201
-63
-140
-315
-228
-481
-158
-462
-479
-232
-302
-365
-143
-137
-423
-470
-131
-280
-323
-66
-35
-228
-351
-182
-350
-325
-86
-371
-203
-50
-178
-316
-35
-317
-91
-45
-5
-346
-466
-474
-47
-97
-321
-81
-332
-487
-120
-280
-268
-348
-445
-192
-8
-50
-411
-338
-381
5
-417
-106
-444
-454
-289
-240
-39
-261
-430
-3
-205
-270
-149
-115
-292
-410
1
-403
-460
-397
-307
-452
-413
-196
-3
-86
-53
-480
-463
-101
-225
-203
-165
-237
-396
-199
-18
-443
-348
-349
-107
-52
-172
-131
-115
2
-9
-117
-500
-172
-318
-492
-173
7
-238
-491
-327
-227
-22
-314
-491
-263
-96
-164
-99
-97
-165
-487
-379
-432
-445
-83
-251
-102
-398
-211
-395
-207
-63
-262
-28
-410
-64
-491
-445
-472
-196
-216
-335
-389
-28
-351
-137
-419
-423
-131
-106
-452
-214
-122
-347
-405
-466
-352
-226
-226
-146
-219
-430
-364
-185
-336
-455
-223
-317
-110
7
-293
-205
-73
-138
-285
-226
-122
-474
6
-247
-254
-385
-256
-222
-245
-157
-209
-365
-231
-132
-196
-145
-90
-87
-177
-117
-89
-178
-468
-32
-345
-272
-319
-371
-499
-468
-336
-46
-32
-343
-75
-449
-439
-52
-286
-32
-18
-248
-314
-107
-161
-325
-111
-403
-229
-375
-488
-20
-498
-428
-100
-280
-77
-333
-266
-7
-223
-312
-478
-158
-305
-299
-353
-427
-485
-395
-398
-106
-14
-11
-272
-131
-106
-277
-374
-211
-306
-315
2
-299
-331
-369
-147
-425
6
4
-44
-287
-441
-24
-181
-150
-481
-274
-472
-245
-211
-202
-218
-213
-407
-307
-40
-331
-110
-385
-68
-366
-257
-229
-67
-120
-450
-261
-118
-106
-462
-401
-180
-80
-326
-325
-425
-240
-372
-221
-466
-189
-115
-419
-400
-452
-100
-55
-131
-386
-373
-391
-64
-181
-401
-167
-54
-14
-235
-409
-227
-473
-380
-54
-182
-319
-17
-78
-308
-85
-493
-324
-211
-480
-264
-231
-94
-115
-52
-112
-480
-406
-127
-183
-312
-353
-161
-480
-457
-150
-407
-288
-201
-413
1
-428
-270
-92
-96
-462
-253
-94
-443
-239
-330
2
-486
-346
3
-217
-496
-220
-156
-189
-454
-54
-397
-123
-407
-179
-352
-96
-483
-325
-56
-140
-208
-470
3
-198
-464
-29
-33
-320
-202
-352
-201
-291
-219
-129
-177
-382
-329
-294
-384
-281
-387
-471
-262
-205
-336
-5
-216
-416
-381
-103
-146
-461
-268
-106
-257
-124
-78
-497
-243
-364
-50
-219
-360
-70
-242
-164
-77
-173
-447
-127
-493
-170
-308
-282
-198
-181
-310
-97
-340
-325
-276
-430
-257
-345
-189
-203
-32
6
-118
-142
-130
-348
-392
-16
-406
-48
-15
-127
-345
-399
-455
-128
-206
-363
-163
-466
-278
-281
-377
-31
-329
-341
-259
-20
-328
-198
-23
-297
-73
-45
-327
-378
-349
-283
-204
4
-249
-25
-249
-371
-212
-458
-497
-377
-140
-301
-152
-489
-423
-405
-312
7
-36
-435
-279
-323
-170
-4
-264
-341
-428
-310
-36
-402
-221
-169
-95
-484
-1
-136
-458
-291
-366
-178
-108
-499
-424
-107
-195
-311
-86
-228
-39
-125
-270
-11
-15
-240
-256
-437
-110
-477
-223
-139
-218
-113
-102
-464
-267
-121
-496
-487
-384
-177
-194
-170
-66
-235
-368
-191
-415
-319
-154
-269
-438
-402
-101
-483
-245
-14
-31
-421
-63
-99
-257
-468
-156
-35
-375
-57
-10
-426
-364
-483
-360
-134
-188
-103
-103
4
-55
-411
-318
-360
-49
-498
-497
-200
-448
-325
-154
-131
-292
-462
-453
-92
-440
-419
-52
-137
-247
-160
-489
-353
-7
-238
-73
-30
-126
-268
-215
-445
-247
-393
-420
-330
-45
-175
-482
-279
1
-94
-253
-339
-107
-382
-364
-333
-122
-372
-135
-423
-277
-417
-198
-188
-230
-380
-285
-426
-168
-249
-189
-378
-490
-261
-498
-422
-278
-252
-476
-2
-144
-70
-362
-439
-114
-30
-171
-494
-178
-326
3
-78
-149
-180
-76
-128
-345
-14
-127
-81
-103
-18
-340
-381
-481
-355
-53
-268
-455
-327
-64
-172
-196
-85
-103
-409
-274
-448
-352
-129
-213
-237
-492
-449
-170
-314
-200
-97
-118
-85
-150
-270
-459
-244
-434
1
-225
-110
-386
-467
-386
-330
-314
-176
-163
-356
-119
-355
-40
-464
-267
-215
-232
-96
-171
-452
-250
-491
-330
-32
-176
-153
-152
-482
-466
-63
-321
-280
-126
-25
-67
-217
-395
-65
-194
-429
-34
-394
-301
-495
-279
-211
-123
-346
-292
-48
-208
-189
-291
-274
-91
-135
-466
-267
-263
-483
-380
-300
-151
-458
-332
-220
-142
-377
-347
-340
-291
-345
-422
-374
-170
-195
-246
-316
-307
-374
-191
-71
-437
-152
-208
-252
-216
-122
-133
-99
-58
-355
-13
-407
-229
-386
-100
-127
-262
-244
-500
-478
-256
-369
-389
-422
-89
-186
-66
-217
-268
-296
-125
-265
-432
-178
-226
-75
-428
-490
-167
-236
-411
-29
-482
-209
-31
-84
-332
-385
-214
-179
-335
-88
-158
-470
-136
-363
-127
-76
-106
-109
-249
-231
-57
-93
-436
-82
-276
-350
-265
-168
-46
-264
-335
-188
-203
-476
-4
-244
-477
-379
-357
-87
-10
-198
-248
-391
-34
-280
-472
-386
-242
-145
-490
-1
-466
-123
-348
-57
-377
-216
-246
-327
-151
-118
-168
-319
-488
-399
-463
-115
-199
-157
7
-469
-245
-165
-402
-393
-59
-238
-391
-51
-415
-457
-394
-411
-100
-326
-172
-210
-376
-227
-198
-200
-61
-182
-185
-481
-241
-224
-22
-370
-136
-155
-210
-318
-485
-62
-231
-104
-161
-58
-268
-5
-440
-408
-70
-423
-245
-371
-34
-38
-266
-424
-103
-412
-77
-92
-256
-386
-312
-358
-12
-156
-179
-444
-78
-224
-17
-417
-64
-45
-211
-484
-352
-283
-436
-408
-356
-375
-113
-57
-91
-103
-233
-395
-144
-475
-456
-79
-274
-355
-270
-494
-37
-53
-202
-439
-373
-106
-306
-52
-305
-62
-285
-398
-80
-347
-42
-20
-177
-221
-397
-254
-293
-348
-254
-235
-211
-73
-481
-433
-362
-72
-294
-125
-305
-251
-214
-105
-272
-424
-220
-337
-57
-447
-102
-171
-1
-58
-467
-458
-365
-275
-366
2
-18
-378
-273
-265
-356
-148
-37
-365
-39
-270
-465
-498
-71
-214
-239
-368
-377
-392
-347
-214
-191
-240
-105
-145
-257
-117
-278
-119
-327
-28
-439
-249
-412
-466
-131
-71
-228
-281
-301
-296
-284
-83
-94
-237
-78
-357
-121
-136
-284
-307
-227
-27
-395
-104
-129
-134
-494
-234
-130
-77
-127
-441
-210
7
-44
-245
-10
-385
-465
-104
-6
-483
-451
-300
-2
-449
-324
-92
-489
-377
-439
-417
-171
-401
-343
-48
-487
-312
4
-183
-25
-324
-52
-187
-138
-494
-45
-240
-492
-351
-140
-438
-104
-341
-304
-162
-172
-469
-394
-222
-300
-441
-207
-190
-255
-436
-4
-109
-187
-16
-406
-321
-20
-201
-292
-243
-9
-208
-5
-380
-31
-486
-395
-314
-375
-410
-222
-153
-160
-304
-41
-60
-248
-154
-140
-206
-500
-56
-192
-104
-318
-483
-71
-483
-398
-347
-124
-184
-91
-303
-363
-293
-29
-120
-477
-476
-160
-201
-143
-210
-495
-178
-87
-50
-29
-58
-423
-388
-243
-334
-111
-310
-251
-471
-24
-132
-326
-428
-327
-295
-10
-157
-90
-323
-164
-352
-360
-368
-258
-85
-349
-138
-182
-219
-444
-482
-164
-384
-69
-228
-4
-212
-58
-386
-152
-364
-318
-381
-111
-275
-49
-392
-133
-498
-3
-89
-169
-125
-285
-476
-109
-41
-263
-157
-309
-113
-467
-37
-429
-286
-305
-59
-457
-141
-173
-185
-402
-362
-89
-230
6
-119
-446
-383
-445
-365
-460
-337
-161
-163
-488
-252
-41
-196
-192
-426
-165
-394
-413
-484
-98
-424
-65
-156
-249
-2
-405
-230
-56
-476
-45
-55
-126
-319
-497
-100
-339
-456
-303
-67
-251
-192
-48
-365
-250
-100
-487
-495
-347
-107
-187
-97
-490
-331
-79
-25
-435
-196
-98
-441
-134
-445
-207
-406
-229
-126
-9
-76
-274
-390
-270
-315
-268
-255
-416
-163
8
-494
-143
-368
-210
-415
-464
-398
-15
-218
-10
-362
-381
-86
-264
-312
-97
-153
-423
-340
-141
-79
-384
-340
-480
-54
-288
-309
-48
-80
-343
-355
-445
-222
-488
-89
-233
-68
-74
-432
-290
-360
-130
-330
-441
-227
-58
-456
-348
-302
-216
-431
-441
-291
-306
-253
-198
-116
-373
-13
-7
-238
-202
-268
-380
-314
-465
-468
-314
-201
-3
-119
-405
-55
-430
-499
-62
-327
-146
6
-256
-98
-456
-436
-249
-155
-404
-454
-77
-423
-378
-430
-407
-276
-56
-244
-11
-325
-30
-271
-65
-23
-340
-493
-57
-491
-23
-375
-461
-38
-178
-238
8
-269
-99
-24
-268
-223
-312
-440
-118
-211
-163
-330
-104
-288
-408
-472
-360
-63
-242
-132
-321
-350
-44
-182
-303
-262
-81
-265
-256
-155
-221
-201
-30
-235
-308
-99
-111
-291
-360
-452
-71
-215
-376
-442
-73
-160
-162
-16
-50
-453
-54
-442
-124
-249
-77
-129
-7
-258
-174
-405
-220
-485
-321
-426
-34
-121
-332
-223
-112
-477
-49
-63
-126
-134
-74
-235
-247
-13
-432
-206
-180
-311
-5
-400
-287
-426
-275
-432
-390
-381
-261
-102
-34
-317
-297
-15
-448
-233
-442
-94
-202
-239
-325
-12
-10
-470
-470
-379
-366
-80
-110
-447
-184
-349
-249
-259
-392
-31
-444
-114
-48
-252
-263
-276
-388
-465
-176
-166
-473
-46
-59
-9
-308
-298
-330
-30
-309
-183
-46
-194
-357
-378
-456
-329
-442
-112
-403
-174
-6
-493
-200
-142
-469
-350
-420
-250
-205
-256
-407
-340
-149
-354
-242
-97
-491
-334
-155
-500
-400
-325
-247
-11
-437
-447
-169
-390
-254
-249
-450
-261
-162
-346
-452
-227
-224
-466
-308
-52
-317
-46
-464
-387
-261
-344
-76
-122
-416
-321
-118
-148
-222
-200
-314
-123
-176
-328
-24
-316
-257
-455
-291
-80
-175
-131
-324
-119
-369
-172
-172
-238
-1
-132
-279
-284
-112
-140
-441
-444
-140
-270
-72
-229
5
-334
-111
-212
-280
-302
-136
-137
-318
-139
-156
-132
-319
-423
-426
-279
-319
3
-155
9
-57
-469
-340
-281
-303
-357
-149
-121
-434
-438
-393
-164
-111
-222
-3
-115
-314
-477
-363
-313
-165
-175
-16
-157
-213
-277
-84
-110
-263
-30
-131
-155
-366
-107
-128
7
-328
-248
-26
-210
-72
-42
-383
-9
-419
-4
-41
-129
-353
-7
-19
-366
-381
-380
-257
-205
-119
-316
-206
-338
-251
-204
-401
-301
-389
-127
-182
-73
-92
-361
-257
-288
-231
-48
-471
-380
-268
-135
-91
-13
-466
-18
-233
-274
-211
-377
-247
-366
-189
-232
-470
-98
-442
-139
-372
-338
-392
-365
-101
-483
-299
-40
-234
-467
-312
-412
-337
-282
-393
-11
-323
-199
-86
-418
-269
-480
-99
-475
-312
-264
-456
-368
-64
-58
-14
-205
-284
-174
-212
-479
-224
-105
-392
-200
-431
-439
-300
-221
-46
-265
-449
-423
-356
-88
-139
-164
-121
-281
-354
-108
-301
-174
-369
-271
-179
-91
-469
-402
-33
-500
-432
-248
-396
-283
-242
-233
-293
-438
-494
-207
-423
-291
-477
-43
-232
-105
-340
-299
-414
-343
-309
-20
-413
-16
-149
-169
-107
-240
-40
-448
-166
-153
-208
-465
-450
-489
-181
7
-193
-223
-403
-434
-6
-409
8
-108
-350
-52
-499
-467
-280
-377
-219
-205
-369
-258
-195
-410
-290
-391
-65
-86
-152
-259
-62
-194
-276
-54
-15
-68
-330
-67
-288
-362
-282
-446
-287
-152
-303
-98
-263
-158
-467
-479
-372
-431
-402
-88
-326
-219
-324
-35
-289
-79
-424
-326
-420
-57
-166
-219
-363
-45
-148
-330
-459
-196
-215
-55
-399
-227
-71
-498
-500
-412
-126
-216
-296
-454
-493
-430
-140
-475
-426
-227
-65
-412
-58
-125
-252
-52
-57
-114
-341
-133
-182
-381
-419
-226
-82
-349
-471
-458
-94
-451
-114
-24
-380
-244
-261
-211
-422
-258
-336
-430
-61
-192
-17
-355
-40
-352
-220
-381
-229
-425
-56
-158
-362
-107
-315
-417
-298
-193
-72
-446
-367
-368
-242
-350
-221
-152
-369
-206
-48
-343
-332
-233
-149
-31
-30
-476
-271
-57
-8
-236
-289
-387
-213
-465
-164
-420
-113
-425
-291
-499
-220
-257
-445
-463
-172
-497
-258
-404
-383
-384
-490
-336
-264
-263
-190
-177
-467
-332
-85
-316
-232
-365
-153
-219
-485
-94
-481
-12
-92
-448
-116
-226
-301
-388
-462
-346
-43
-271
-369
-36
-226
-316
-108
-346
-472
-93
-33
-328
-52
-28
-33
-499
-491
-439
-205
-255
-423
-73
3
-437
-361
-403
-167
-210
-321
-373
-271
-482
-421
-483
-33
-240
-193
-465
-446
-396
-178
-188
-60
-70
-118
-319
-360
-404
-485
0
-427
-468
-9
-152
-247
-299
-213
-316
-460
-206
-355
-99
-99
-490
-405
-323
-470
-2
-312
-91
-472
-408
4
-99
-233
-427
-197
-293
-101
-398
-482
-133
-135
-220
-190
-229
-159
-328
-97
-40
6
-351
-86
-92
-178
-7
-175
-74
-151
-371
-500
-156
-328
2
-187
-199
-28
-121
-321
-297
-396
-388
-306
-439
-245
-226
-480
-476
-499
-298
-311
-17
7
-304
-55
-38
-341
-223
-322
-76
5
-32
-327
-102
-364
-99
-406
-229
-162
-19
-52
-90
-320
-454
-100
-415
-74
-494
-192
-151
-255
-277
-253
-151
-19
-72
-148
-271
-332
-203
-433
-10
-72
-85
-320
-82
-126
-16
-16
-18
-199
-60
-254
-261
-212
-126
-457
-340
-114
-40
-371
-200
-475
-36
-324
-444
-167
-462
-289
9
-277
-211
-247
-145
-274
-84
-391
-181
-346
-419
-461
-430
-247
-51
-145
-383
-162
-263
-434
-82
-210
-48
-302
-264
7
-433
-485
-163
-156
-283
-286
-125
-189
-287
-298
-424
-359
-137
-241
-97
-478
-84
-273
-202
-37
-344
-304
-312
6
-168
-83
-420
-338
-239
-104
-389
-447
-464
-377
-259
-477
-43
-99
-141
-337
-128
-380
-408
-146
-105
-121
-431
-99
-180
-241
-24
-295
-440
-212
-225
-4
-216
-420
-263
-148
-266
-335
-453
-221
-32
-130
-463
-461
-182
-326
-202
-288
-15
-339
-447
-186
1
-497
-166
-165
-253
-124
-220
-31
-424
-388
-310
-384
-392
-323
-27
-394
-386
-461
-260
-401
-120
-457
-244
-13
-166
-470
-16
-428
-437
-152
-13
-97
-20
-17
-450
-470
-143
-183
-114
-366
-74
-413
-402
-185
-302
-347
-82
-485
-146
-486
-204
-351
-87
-203
-311
-471
-49
-444
-103
-208
-417
-369
-211
-442
-469
-32
-482
-300
-385
-68
-115
-300
-381
-274
-466
-228
-194
-219
-6
-425
-1
-408
-477
-442
-458
-211
-77
-92
-180
-443
-349
-313
-326
-4
-495
-337
-179
-87
-363
-27
-400
-258
-181
-306
-344
-125
-15
-134
-152
-463
-318
-401
-237
-97
-419
-236
-253
-98
-319
-91
-281
-157
-290
-312
-271
-466
-422
-350
-115
-311
-85
-112
1
-272
-146
-355
-174
-19
-206
-298
-448
-11
-352
-173
-461
-18
-255
-426
-121
-384
-126
-87
-455
-329
-25
-95
-174
-37
6
-339
-15
-379
-124
-219
-390
-319
-137
-13
-189
-431
-391
-348
-115
-193
-396
-150
-331
-385
-25
-361
-188
-296
-405
-26
2
-162
-132
-148
-268
-470
-8
-263
-312
-218
-234
-333
-84
-256
-231
-159
-290
-480
-449
-260
-408
-227
-176
-58
-355
-140
-219
-448
-302
-498
-246
-66
-388
-318
-283
-186
-385
-253
-478
-324
-493
-414
-293
-387
-324
-236
-33
-336
-64
-196
-272
-295
-349
-114
-84
-170
-61
-60
-187
1
-488
-201
-321
-486
-497
-400
-68
-120
-82
-261
-219
-261
-298
-137
-433
-330
-283
-24
-379
-292
-356
-293
-39
-144
-191
-475
-58
-141
-414
-467
-25
-200
-125
-56
-32
-85
-149
-128
-250
-28
-296
-366
-165
-6
-384
-78
-154
-20
-395
-6
-409
-488
-180
-113
-151
-86
-419
-339
-307
-102
-116
-360
-163
-450
-101
-88
-472
-399
-446
-306
-362
-10
-80
-39
-218
-238
-125
-330
-22
-437
-403
-129
-46
-425
-145
-444
-235
-52
-163
-123
-156
-252
-299
-133
9
-317
-385
-280
-380
2
-442
-54
-324
-43
-478
-270
-255
-286
-302
-244
-402
-153
-365
-408
-156
-51
-20
-328
-315
-300
-359
-498
-302
-451
-13
-149
-214
-186
-455
-27
-131
-123
-112
-33
-143
-395
-464
-54
-362
-358
-49
-352
-221
-112
-278
-129
-83
-493
-116
-423
-364
-111
-8
-111
-167
-408
-479
-38
-97
-154
-419
-127
-323
-228
-11
-474
-119
-264
-45
-242
-295
-329
-207
-485
-447
-447
-8
-409
-44
6
-320
-177
4
-489
-96
-162
-280
-430
-285
-451
-111
-75
-336
-338
-134
-159
-250
-443
-481
-330
-468
-1
-404
-450
-351
-161
-55
-4
-108
-387
-330
-405
-430
-308
-250
-421
-418
-340
-411
-404
-460
-163
-17
-119
-159
-14
-470
-33
-168
7
-169
-311
-268
-350
-108
-486
-195
-212
-223
-95
-65
-202
-484
-157
-417
-179
-226
-1
-431
-177
-280
-34
-337
-294
-383
-49
-115
-416
-342
-347
-144
-346
-342
-481
-79
-375
-73
-260
-34
-470
-79
-325
-43
-286
-426
-469
-274
-247
-289
-312
-400
-203
-393
-286
-129
-50
-250
-407
-373
-479
-363
-63
-218
-450
-491
-485
-41
-59
-204
-47
-497
-46
-190
-410
-27
-279
-223
-208
-484
-325
-416
-500
-381
-203
-201
-6
-290
-311
-354
-3
-285
-181
6
-181
-373
-483
-497
-192
-97
-320
-180
-406
-285
-190
-302
-342
-299
-156
-417
-420
-493
-308
-149
-167
-154
-200
-124
-324
-500
-347
-62
-102
-205
-251
-63
5
-499
-138
-266
-413
-304
-210
-451
-96
-38
-280
-62
-485
-27
-57
-495
-309
-388
-73
-287
-95
-230
-38
-214
-468
-336
-157
-447
-387
-334
-371
-26
-293
-55
-494
2
-476
-431
-468
-178
-469
-189
-436
-473
-374
-253
-72
-217
-346
-284
-374
-219
-454
-211
-106
-14
-245
-41
-472
-33
-148
-74
-205
-403
-158
-331
-336
-55
-174
-216
-67
-334
-195
-85
-211
-460
-307
-167
-441
-340
-257
0
-166
-282
-81
-370
-254
-354
-327
-268
8
-35
-397
-443
-365
-350
-361
-55
-52
-159
-499
-298
-180
-448
-394
-468
-490
-259
-321
-460
-427
-400
-185
-48
-378
-280
-320
-485
-149
-94
-13
-263
-49
-447
-206
6
-335
-103
-191
-318
-224
-102
-430
-253
-459
-256
-66
-312
-452
-6
-359
-379
-61
-232
-443
-206
-20
-213
-306
-153
-175
-178
-458
-177
-172
-333
-166
-287
-498
-100
-157
-101
-248
-48
-316
-43
-81
-206
8
-157
-449
-47
-479
-493
-217
-471
-482
-337
-377
-342
-311
-193
-354
-84
-87
-199
-198
-79
-109
-133
-481
-201
-344
-214
-129
-467
-62
-304
-375
-271
-72
-61
-188
-473
-474
-299
-347
-269
-257
-394
-351
-405
-85
-294
-262
-279
-488
-101
-111
-477
-52
-190
-499
-3
-420
-493
-49
-358
-370
-101
-67
-93
-87
-482
-387
-327
-289
-393
-113
-21
-375
-342
-45
-322
-349
-94
-21
-347
-368
-336
-156
-313
-356
-33
-500
-450
-392
-121
-165
-140
-25
-197
-176
-49
-104
-45
-422
-284
-152
-360
-462
-342
-18
-471
-351
-317
-388
-277
-400
-452
-263
-104
2
-136
-299
-219
-299
-440
-354
-106
-208
-79
-326
-98
-162
-253
-2
-379
-33
-88
-272
-422
-103
-46
-354
-21
-314
-425
-22
-451
-240
-91
-76
-110
-345
-22
-474
-24
-27
-469
-191
-330
-265
-267
-370
-391
-266
-457
-419
-43
-192
-20
-39
-233
-15
-21
-255
-180
-365
-333
-342
-390
-309
-94
-70
-408
-451
-100
-147
-3
-171
-387
-436
-44
-337
-392
-355
4
-40
-126
-279
-272
-279
-293
-137
-106
-71
-184
-325
-255
-343
-308
-182
2
-343
-178
-321
-460
-25
-304
-461
-269
-482
-450
-126
-335
-283
-348
-151
-266
-127
-86
-355
-385
-83
-496
-389
-124
-476
-105
-303
-17
-294
-481
-470
-59
-47
-172
-134
-135
-73
-213
-104
-209
-112
-89
-11
-260
-396
-492
-180
-106
-303
-289
-360
-257
-145
-296
-455
-308
-181
-149
-265
-312
-462
-467
-218
-98
-447
-180
-406
-37
-429
-256
-456
-285
-15
-44
-208
-482
-186
-277
-229
-73
-184
-132
-54
5
-235
-59
-306
-387
-352
-64
-108
-134
-402
-359
-463
-304
-97
-49
-176
-232
-152
-462
-262
-382
-31
-302
-363
-72
-168
-383
-171
-445
-135
-452
-219
-295
-139
-328
-122
-40
-394
-371
-300
-159
-306
-498
-432
-69
-205
-204
-4
-184
-71
-333
-413
8
-385
-356
-250
-438
-314
-488
-288
-113
-22
-84
-171
-188
-387
-249
-79
-261
-97
-236
-16
-276
7
-145
-305
-307
-27
-108
-150
-163
-23
-53
-216
-86
-211
-77
-185
-409
-287
-112
-352
-481
-237
-87
-156
-459
-304
-31
-271
-155
-118
-94
-418
-179
-339
-442
-152
-421
-304
-363
-348
-204
-493
-69
-127
-14
-70
-42
-136
-380
-44
-235
-236
-317
-243
-325
-114
-390
-376
-203
-164
-51
-259
-18
-291
-356
-242
-158
-113
-238
-290
-81
-139
-382
-114
-182
-400
-1
-116
-495
-357
-224
-394
-338
-164
-313
-485
-214
-29
-171
-329
-65
-488
-251
-316
-90
-468
-402
-41
-124
-345
-301
-133
-128
-449
-50
-161
-217
-424
-466
-356
-436
-431
-318
-5
-147
-108
-9
-324
-446
-242
-6
-467
-278
-484
-71
-361
-276
-37
-97
-467
-9
-289
-185
-355
-81
-355
-467
-46
-194
-34
-142
-107
-75
-7
-197
5
-293
-429
-183
-195
-420
-108
-438
-444
-350
-96
-394
-85
-381
-437
-460
-490
-56
-400
-193
-247
-56
-335
-82
-165
-67
-133
-246
-340
-470
-282
-216
-124
-212
-225
-370
-294
-441
-492
-391
-36
-452
-267
-471
-98
-499
-247
-112
-106
-224
0
-409
-301
-231
-176
-187
-14
-87
-357
-253
-372
-371
-283
-79
-211
-439
-301
-495
-358
-407
-375
-416
-221
-264
-144
-480
-365
-408
-265
-192
-28
-371
-376
-414
-113
-70
-155
-301
-488
-252
-349
-412
-179
-13
-363
-110
-135
-320
-255
-375
-378
-138
-293
-351
4
-41
-227
-224
-7
-188
-410
-485
-90
-15
-123
-489
-428
-387
-88
-65
-439
-416
-190
-159
-159
-249
-31
-166
-337
-16
-278
-409
-327
-249
-97
-322
-208
-266
-357
-71
-467
-430
-446
-374
-346
-483
-419
-445
-378
-387
-4
-463
-160
-130
-349
-254
-325
-78
-253
-197
-486
-5
-37
-485
-187
-370
-124
5
-87
-139
-329
-358
-485
-394
-406
-286
9
-392
-261
-473
-129
-83
-192
-421
-356
-401
-181
-202
-19
-68
-177
-193
-395
2
-287
-461
-349
-8
-46
-377
-144
-378
-110
-262
-309
-61
-112
-233
-483
-197
-416
-42
-211
-466
-318
-232
-362
-280
-22
-322
-423
-88
-297
-262
-202
-146
-386
-486
-51
-490
-499
-340
-421
-80
-97
-486
-382
-468
6
-152
-206
-302
-87
-82
-123
-348
-168
-482
-41
-138
-486
-129
-431
-61
-223
2
-206
-412
-196
-211
-476
-58
-257
-312
-402
-172
-29
-221
-375
-203
-86
-131
-68
-52
-296
-498
-421
-447
-180
-325
-51
-486
-447
-289
-81
-100
-463
-3
-329
-153
-491
-198
-80
-36
-31
-170
-120
-241
-190
-20
-17
-370
-54
-297
-238
-306
-399
-5
-98
-454
-144
-79
-457
-96
-407
-125
-58
-194
-348
-282
-71
-387
-409
-221
-291
-146
-81
-57
-489
-75
-175
-109
-358
-71
-421
-123
-174
-473
-182
0
-452
-152
-68
-449
-436
-469
-375
-480
-136
2
-402
-370
-413
-418
-195
-319
-45
-10
-1
1
-421
4
-439
-44
-205
-169
-240
-261
-244
-397
-43
-36
-218
-484
-488
-253
-40
-56
-297
-456
-177
-79
-270
-434
-318
-116
-87
-420
-494
-223
-452
-416
-110
-489
-37
8
-451
-294
-412
-248
-119
-116
-173
-175
-142
-496
-231
-320
-126
-265
-159
-313
-409
-389
-366
-302
-432
-294
-348
-84
-184
-349
-4
-61
-253
-395
-401
-332
-158
-255
-2
-38
-267
-220
-217
-474
-451
-189
-100
-163
-15
-144
-330
-490
-137
-133
-108
-286
-143
-360
-269
-70
-262
-7
-106
-437
-347
-418
-413
-164
-88
-72
-199
-195
-113
-318
-185
-215
-140
-451
-118
-128
-188
-46
-430
-281
-385
-79
-154
-473
-268
-203
-140
-325
-331
-412
-414
-78
-117
-166
-270
-334
-285
-230
-268
-80
-164
-75
-295
-267
-92
-368
-274
-292
-339
-406
-218
-333
-5
-233
-201
-60
-191
-224
-344
-429
-198
-475
6
-14
-75
-265
-46
-50
-483
-279
-91
-447
-263
-404
-306
-32
-173
-442
-83
-458
-76
-215
-364
-386
-295
-144
-117
-325
-55
-177
-487
-141
8
-122
-492
-391
-37
-392
-174
-194
-384
-17
-137
-79
-419
-80
-145
-292
-129
-373
-426
-345
-319
-333
-383
-353
-31
-327
-180
-160
-138
-293
-281
-102
-405
-195
-462
-138
-112
-175
-314
-240
-435
2
-320
-164
-87
-440
-215
-291
-318
-221
-465
-87
-444
-101
-117
-263
-283
-168
-476
-452
-116
-374
-54
-207
-110
-415
-186
-379
-151
-83
-446
-277
-274
-121
-70
-134
-483
-123
-475
-341
-350
-408
-262
-284
-395
-273
-423
-202
-321
-78
-249
-465
-186
-132
-181
-113
-107
-391
-159
-210
-483
-243
-37
-411
-151
-494
-132
-226
2
-142
-281
-167
-333
5
-464
-497
-26
-367
-246
-297
-488
-18
-94
-245
-46
-362
-114
-106
-21
-453
-155
-198
-475
-118
-254
-269
-125
-182
-470
-430
-229
2
-436
-392
-258
-4
-308
-229
-279
-228
-492
-294
-123
-372
-365
-74
-362
-479
-272
-257
-326
-403
-6
-36
-143
-152
-197
-274
-72
-431
-24
-237
-29
-181
-213
-256
-421
-353
-78
-17
-86
-240
-20
-165
-279
-261
-22
-207
-236
-351
-421
-442
-282
-298
-326
-91
-248
-87
-177
-390
-478
-434
-353
-54
-238
-212
-484
-440
-280
-5
-272
-414
-104
-129
-216
-265
-171
-194
-307
-468
-215
-61
-369
-88
-313
-248
-473
-459
-120
-187
-113
-315
-88
-117
-31
-399
-368
-202
-371
-278
-438
-365
-222
-497
-469
-87
-270
-193
-218
-419
-302
-378
-333
-431
-46
-413
-374
-113
-135
-195
-247
-482
-185
-266
9
-378
-417
-133
-408
-338
-292
-19
-77
-143
-71
-217
-364
-31
-341
-273
-484
-318
-284
-128
-328
-446
-13
-426
-191
-17
-44
-304
-126
-154
-409
-393
-191
-24
-299
-187
-186
-189
0
-230
-216
-176
-484
-94
-125
-416
-220
-258
-106
-274
-19
-23
-342
-225
-211
-262
-422
-80
-441
-223
-152
-377
-290
-2
-87
-84
-321
-216
-133
-99
-7
-298
-347
-44
-334
-113
-90
-48
-38
-388
-216
-428
-367
-16
-1
-327
-306
-29
-259
-145
-337
-160
-311
-167
-107
-149
-105
-300
-396
-184
-264
-102
-369
-7
-92
-45
-445
-417
-474
1
-346
-308
-439
-330
-151
-120
-21
-98
-487
-310
-494
-227
-393
-148
-366
-139
-247
-8
-263
-34
-83
-83
-130
-476
-378
-287
-269
-219
-117
-214
-50
-192
-22
-231
-38
-15
-31
-30
-20
8
-481
-342
-373
-62
-443
-301
-3
-231
-386
-267
-212
-106
5
-126
-50
-265
-368
-300
-198
-81
-404
-360
-456
-413
-390
-493
-125
-199
-11
-261
-160
-167
-275
-135
-206
-409
-33
-41
-224
-315
-320
-224
-238
-277
-327
-116
-249
-261
-251
-281
-111
-425
-396
-217
-479
-403
-93
-136
-138
-252
-302
-357
-143
-338
-139
-351
-245
-486
-497
-331
-324
-286
-376
-326
-370
-280
-448
-163
1
-28
-156
-313
-267
-334
-4
-357
5
-207
8
-340
-320
-389
-184
-34
-182
-216
-240
-19
-65
-278
-254
-379
-243
-362
-269
-224
-389
-346
-253
-411
-277
-403
-133
-487
-333
-32
-295
-119
-78
-314
-336
-161
-97
1
-191
-33
-178
-198
-90
-432
-156
-85
-366
-8
-178
-77
-47
-387
-316
-163
-118
-6
-75
-489
-417
-40
-363
-139
3
-103
-170
-268
-466
-383
-349
-299
-89
-406
-53
-262
-309
-211
-148
-6
-212
-20
-422
-278
-402
-192
-174
-126
-36
-357
-490
-427
-297
-171
-292
-65
-446
-174
-312
-160
-59
-58
-116
-82
-463
-14
-431
-311
-125
-234
-69
-281
-204
-162
-382
-481
-362
-296
-204
-443
-240
-401
-18
6
-315
6
-382
-383
-459
-339
-163
-369
-217
-388
-177
-375
-98
-175
-432
-313
-323
-134
-441
-116
-37
-323
-299
-87
-77
-246
5
-45
-94
-296
-347
-309
-35
-345
-239
-397
-116
-272
-113
-106
-382
-277
-378
-59
2
-294
-333
-284
-430
-332
5
-312
-237
-153
-441
-90
-342
-437
-137
-239
-20
-256
-174
-348
-23
-56
-169
-143
-470
-473
-45
-112
-123
-198
-50
-211
-417
-398
-81
-468
-323
-474
-385
-378
-451
-16
-202
-279
-374
-316
-183
-6
-323
-121
-477
-326
-293
-376
9
-303
-16
-133
-260
-26
-194
-471
-451
-222
-188
-64
-113
-159
-85
-2
-184
-27
-250
-200
-124
-60
-466
-302
-473
-200
-466
-400
-393
-493
-220
-31
-219
-296
-398
-24
-143
-347
-453
-402
-462
-170
-87
-450
-115
-133
-401
-496
-241
-238
0
-485
-211
-403
-233
-426
-159
-106
-235
-338
-83
-359
-327
-115
-210
-239
-48
-127
-231
-477
-178
-171
-71
-473
-335
-212
-339
-272
-446
-312
-484
-84
-62
-283
-267
-393
-66
-383
-351
-3
-369
-84
-350
-390
-206
-248
-100
-380
-255
-284
-208
-499
-479
-421
-183
-53
-170
-427
-416
-244
-145
-177
-22
-437
-327
-188
-380
-279
-322
-69
-199
-284
-395
-24
-313
-116
-70
-263
-262
-101
-305
-248
-488
-174
-168
-161
-257
-343
-156
-437
-10
-425
-311
-299
-436
-44
-105
-72
-36
-215
-430
-360
-194
-115
-470
-169
-67
-317
-218
-434
-443
-429
-428
-468
-348
-410
-374
-377
0
-109
-215
-435
-296
-449
-185
-365
-263
-99
-39
-442
-356
-379
-362
-189
-334
-185
-461
-255
-489
-175
-230
-339
-184
-360
-499
1
-310
-301
-378
-370
-339
-214
-265
-66
-135
-17
-269
-161
-232
-242
-8
-125
-314
-360
-350
-8
-280
-139
-224
-439
-262
-491
-158
-460
-452
-469
-491
-492
0
-436
-220
-240
-24
-388
-484
-412
-216
-145
-133
-483
-478
-301
-211
-271
-168
-343
-393
-18
-339
-358
-253
-405
-440
-362
-392
-222
-458
-136
-60
-59
-89
-315
-303
-475
-297
-185
-360
-470
-171
-466
-176
-439
-191
-216
-475
-181
-89
-353
-113
-202
-358
-119
-150
-176
-349
-495
-234
-398
-100
-184
-256
-406
-313
-97
9
-217
-263
-271
-323
-308
-129
-497
-288
-144
-256
-494
-458
-245
-197
-411
-483
-204
-374
-295
-472
-441
-446
-228
-490
-446
-63
-435
-390
-257
-354
-209
-308
-134
-416
-212
-78
-208
-65
-346
-217
-290
-93
-136
-173
-39
-135
-454
-22
-223
-68
-35
-3
-315
-34
-318
-445
-469
-441
-312
-306
-116
-455
-69
-304
-111
-78
-298
-56
-285
-282
-159
-347
-211
-270
-15
-271
6
-485
-291
-496
-225
-193
-37
-356
-13
-190
1
-116
6
-328
-493
-248
-329
-460
-249
-437
-98
-401
-174
-81
-278
-19
-344
-365
-466
-36
-485
-140
-429
-436
-259
-418
-63
-216
-250
2
-361
-326
-354
-40
-130
-24
-407
-386
-308
-218
-244
-298
-89
-75
-312
-59
-243
-380
-293
-85
-68
-491
-322
-350
-298
-11
-157
-3
-111
-105
-286
-30
-415
-181
-9
-429
-375
-39
-497
-466
-384
0
-426
-75
-171
-269
-354
-155
-197
-313
-55
-43
-410
-461
-32
-350
-459
-227
-223
3
-346
-33
-246
-250
-66
-371
-96
-58
-235
-287
-210
-30
-46
-213
8
-448
-186
-138
-269
-230
-71
-402
-187
-298
-118
-262
-313
-420
-480
-366
-46
-9
-281
-172
-412
-336
-300
-15
-131
-23
8
-176
-482
-120
-449
-249
-236
-148
-21
-138
-170
-36
-437
5
-296
-206
-481
-331
-267
-443
-374
-10
-417
-365
-184
-112
-457
-425
-122
-165
-199
-159
-189
-163
-408
-335
-454
-327
-170
-343
-22
-444
-337
-391
-439
-241
-428
-156
-64
-204
-293
-20
-488
-439
-360
-278
-56
-309
-287
-259
-148
-341
-189
-241
-286
-475
-295
-217
-172
-221
-449
-285
-324
-56
-164
-257
-466
-178
-241
-377
-99
-423
-395
-404
4
-401
-101
-97
-405
-292
-117
-429
-75
-122
-10
-3
-251
-292
-35
-102
8
-309
-363
-273
-80
-36
-181
-131
-171
-53
-456
-176
-120
-181
-94
-294
-417
-319
-270
-402
-492
-339
-154
-434
-25
-42
-213
-115
-40
-229
-428
-497
-423
-270
-140
-259
-217
-402
-436
-481
-362
-447
-291
-175
-291
-266
-351
-315
-232
-134
-40
-67
-29
-184
-324
-61
-387
-400
-449
-245
-339
-57
-318
-117
-426
-84
-13
-349
-33
-189
-89
-253
2
-65
-211
-170
-206
-125
-354
-70
-354
-169
-426
-31
-379
-415
-247
-232
-453
-162
-494
-205
-8
-3
-372
-467
-268
-493
-239
-162
-184
-232
-145
-229
-315
-353
-496
-362
-369
-278
-404
-85
-27
-10
-112
5
-110
-278
-366
-165
-102
-321
-488
-299
-180
-18
-427
-69
-406
-244
-359
-462
-362
-313
-301
-448
-64
-315
-114
-86
-35
-185
-16
-160
-380
-120
-311
-295
-166
-193
-286
-428
-483
-227
-492
-323
-24
-141
-156
-67
-488
-189
-467
-31
-117
-83
-32
-412
-106
-137
-223
-138
-258
-393
-466
-400
-479
-328
-213
-85
-227
-211
-419
-253
-371
-217
-306
-453
-96
-361
-7
-362
-362
-169
-135
-466
-282
-478
-19
-175
-342
-41
-114
-368
-48
-4
-252
-189
-267
-435
-48
-168
-434
-57
-377
-447
-215
-385
-237
-191
-150
-485
-217
-134
-22
-333
-310
-164
-214
-278
-236
-466
-262
-446
-136
-177
-43
-29
-160
-259
-11
-425
-306
-379
-452
-357
-309
-246
-205
-408
-439
-36
-122
-102
-182
-15
-160
-116
-179
-469
-414
-263
6
-65
-371
-346
5
-267
-147
-32
-419
-195
-445
-487
-186
-203
-397
-108
-89
-52
-438
-113
-131
-187
-378
-44
-22
-473
-260
-430
-357
-243
-168
-31
-190
-292
-496
-202
-167
-191
-379
-448
-439
-159
-280
-61
-105
-299
-311
-135
-491
-52
-459
-59
-246
-60
-182
-98
-394
-261
-26
-276
-323
-432
-19
-324
-232
-84
-483
-340
5
-423
-104
-6
-27
-214
-294
-418
-121
-464
-354
-406
-228
-199
-214
-451
-144
-227
-393
-108
-227
-74
-141
-433
-405
-265
-218
-312
-187
-80
-44
-219
-148
-389
-112
-5
-7
-223
-110
-105
-498
-413
-489
7
-46
-88
-467
-438
-255
-485
4
-88
-273
-209
-331
-9
-419
-464
-56
-172
-462
-433
-188
-33
-485
-488
-278
-301
-465
-222
-145
-77
-220
-272
-300
-317
-142
-126
8
-339
-74
-411
-188
-213
-461
-59
-174
-111
-383
-451
-436
-323
-362
-70
-472
-392
-261
-483
-198
-362
-455
-205
-340
-471
-1
-165
-429
-423
-12
-357
-29
-77
-317
-142
-83
-261
-286
-368
-403
-66
-4
-472
-385
-277
-467
-104
-329
-3
-342
-229
-455
-367
-74
-53
-219
-366
-34
-27
-19
-321
-380
-276
-171
-449
-74
-291
-172
-38
-391
-216
-493
-414
-463
-284
-239
-12
-485
-279
-15
-98
-352
-480
-20
-255
-118
-449
-275
-274
-415
-496
-45
-21
-350
-150
-80
-397
-497
-145
-215
-352
-399
-473
-111
-370
-257
-43
-368
-340
-483
-458
-313
-85
-389
-136
-21
-59
-219
-272
-474
-161
-161
-358
-418
-317
-456
-397
-327
-424
-103
-54
-472
-100
-336
-275
-472
-142
-333
-362
-27
-300
-130
-471
-492
-8
-424
-40
-171
-134
-402
-88
-130
-176
-154
-35
-166
-498
-465
-220
-131
-37
-64
-52
-115
-41
-9
-148
-278
-491
-8
-373
-470
-84
-308
-330
-330
-423
-371
-436
-199
-186
-468
-419
-412
-32
-110
-433
-9
-187
-344
-87
-310
-417
-5
-337
-199
-66
-238
-135
-482
-351
-371
-319
-145
-107
-104
-484
-1
-370
-111
-297
-416
-28
-53
-334
-217
-25
-192
-229
-108
-175
-393
-487
-157
-19
-411
-193
-315
-296
-321
-418
-399
-379
-231
-34
-145
-93
-429
-118
-368
-363
-306
-150
-455
-422
-351
-100
-236
-93
-366
-446
-88
-259
-87
-349
-193
-355
-198
-378
-200
-119
-192
-229
-172
-461
-147
-72
-94
-17
-266
-122
4
-135
-396
-450
-212
-295
-35
-55
-384
-24
-10
-247
-328
-428
-275
-140
-107
-315
-8
-51
-52
-340
-490
-69
-311
-34
-30
-76
-164
-123
-25
-135
-205
-172
-329
-255
-13
-436
-6
5
-303
-47
-127
-488
-280
-409
-499
-434
-115
-490
-224
-168
-69
-201
-337
-37
-34
-77
-61
-467
-134
-94
-294
-406
-53
-305
-40
-213
-44
-74
-493
-202
-434
-58
-342
-251
-68
-98
-122
-252
-222
-54
-485
-373
-200
-156
-310
-351
-353
-293
7
-283
-152
-75
-202
-270
-100
-355
-455
-463
-199
-376
-51
-494
-167
-338
-464
-455
-88
-57
-218
-417
-263
-484
-372
-341
-341
-398
-326
-335
-406
-101
-148
-195
-22
-230
-190
-383
-376
-10
-54
-452
-394
-425
-435
-498
-282
-362
-98
-192
0
-110
-46
-156
-11
-323
-449
1
-435
-319
-138
-32
-340
-311
-53
-72
-379
-139
-318
-406
-440
-78
-403
-369
-37
-315
-190
-119
-263
-142
-147
-279
-462
-452
-369
-33
-458
-299
-135
-219
-436
-309
-184
-154
-190
-341
-343
-183
-70
-273
-411
-275
-428
-151
-495
-318
-405
-338
-48
-190
-331
-219
-107
-51
-133
-191
-196
-123
-80
-100
-301
-456
-60
-114
-345
-467
-303
-64
-342
-224
-497
-314
-318
-192
-443
-51
-462
-157
-30
-383
-207
-480
-218
-429
-16
-464
-227
-220
-131
-353
-162
4
-490
-21
-18
-322
-394
-110
-245
-495
-99
-400
-78
-483
-105
-188
-410
-69
-352
-254
-242
-347
-465
-354
-254
-5
-456
-360
-276
-175
-317
-148
-490
-484
-256
-454
-88
-267
-328
-114
-5
-9
-454
-312
-182
-259
-184
-364
-448
-373
-342
0
-443
-95
-254
-40
-147
-490
-104
-71
-470
-287
-63
-406
-275
-142
-275
-304
-130
-289
-256
-139
-473
-11
-18
-93
-356
-389
-257
-243
-444
-118
-250
-462
-92
-391
-382
-78
-397
-379
-438
-457
-119
-93
-497
-400
-197
-38
-327
-154
-383
-296
-466
-17
-357
-184
-315
-233
-274
-161
-30
-305
-368
-123
-82
8
-463
-165
-128
-60
3
-219
-331
-312
-251
-226
-252
-241
-435
-19
3
-487
-112
-283
-435
-96
-190
-213
-347
-48
-142
-492
-379
-144
-240
-378
-323
-384
-268
-154
-59
-184
-464
-150
-135
-465
-140
-299
-177
-404
-90
-323
-56
-448
-87
-354
-9
-468
-370
-410
8
-315
-133
-13
-16
-239
-134
-263
-413
-167
-486
-423
-67
-22
-374
-286
-51
-290
-314
-310
-284
-226
-226
-363
-277
-287
-58
-384
-269
-56
-102
-29
-170
-225
-95
-291
-427
-443
-145
-310
-476
-478
-70
-78
-419
-419
-24
-308
-126
-225
-182
-107
-109
-493
-392
-366
-473
-113
-436
-415
-310
-60
-416
-25
-100
-290
-119
-249
-371
-281
-241
-183
-396
-145
-175
-123
-110
-115
-371
-335
-257
-223
-131
-147
-54
-157
-224
-140
-225
-179
-223
-360
-292
-237
-458
-296
-15
-379
-164
-432
-23
-320
-95
-493
-450
-425
-395
-321
-375
-398
-432
-164
-231
-275
-265
-31
-469
-346
-491
-396
-124
-73
-391
-9
-196
-330
-337
-149
-294
-178
-414
-151
-302
-4
-137
-103
-296
-124
-373
-6
-382
-482
-209
-492
-415
-364
-171
-441
-15
-357
-489
-4
-291
-423
-280
-5
-492
-19
-199
-438
-181
-431
-290
-80
-188
-238
-279
-65
-26
-366
-485
-377
-189
-42
-361
-50
-487
-268
-87
-344
-283
-326
-142
-85
-6
-468
6
-386
-351
-189
-295
-353
-187
-6
-16
-273
-478
-206
-49
-438
-319
-85
-381
-31
-124
-384
-433
-355
-311
-295
-22
-404
-325
-485
-149
-364
-27
-195
-186
-86
-345
-338
-151
-391
-425
-253
-378
-71
-242
-30
-205
-359
-113
-123
3
-209
0
-429
-42
-22
-416
-257
-372
-48
-61
-317
-488
-97
-233
-40
-302
-232
-192
-273
9
-342
-268
-235
-480
-356
-183
-449
-396
-342
-40
-433
-219
-175
-465
-346
-343
-135
-48
-7
-34
-272
-433
-251
-131
-105
-350
-419
-284
-463
-39
-325
-75
-322
-234
-172
-84
-12
-14
-60
-356
-40
-59
-67
-202
-243
-272
-125
-10
-49
-264
-65
-61
-204
-347
-209
-307
-266
-153
-228
-35
-85
-128
-158
-273
-304
-229
-246
-454
-256
-447
-227
-236
-400
-329
-171
-237
-402
-240
-226
-124
-249
-411
-322
-485
-469
-171
-465
-69
-233
-84
-469
-111
-86
-300
-348
-355
-348
-384
-375
-39
-392
-456
-456
-432
-428
-275
-209
-2
-106
-493
-232
-273
-26
-124
-29
-163
-490
-150
-498
-195
-245
-116
-150
-401
-308
-68
-127
-273
-424
-82
-392
-183
-339
-279
-122
-34
-375
-356
-105
-444
-407
-18
-263
-361
-450
-106
-489
-223
-499
-160
-315
-469
-168
-145
-290
-60
-354
-385
9
-109
-276
-380
-147
-242
-252
-120
-142
-8
-419
-157
-51
7
-12
-259
-175
-17
-113
-429
-121
-277
-326
-240
-308
-276
-426
-378
-473
-288
-360
-242
-440
-181
-282
-57
-131
-405
-210
-242
-259
-273
-37
-10
-446
-278
-391
-416
-122
-128
-383
-389
-462
-191
-213
-288
-316
-396
-157
-389
-3
-155
-196
-18
-2
-179
-43
-476
-484
-439
-160
-261
-282
-208
-396
-305
-60
-106
-308
-388
-174
-42
-466
-383
-233
-240
-180
-353
-87
-42
-412
-293
-281
-212
-458
-228
-171
-414
-489
-434
-190
-104
-154
-394
2
-292
-163
-224
-317
-137
-441
-306
-459
-199
-160
-108
-359
-108
-228
-85
-44
-256
-395
-392
-182
-4
-341
-118
-310
-363
-255
-37
-476
-63
-239
-237
-11
-477
-318
-339
-331
-195
-269
-236
-427
-341
-414
-34
9
-253
-371
-441
-42
-168
-304
-122
-396
-94
-93
-204
-131
-169
-355
-283
-340
-343
-433
-273
-333
-347
-221
-141
-253
-116
-314
-358
-185
-282
-41
-306
-406
-148
-182
-98
-169
-232
-247
-183
-266
-168
-288
-163
-498
-404
-289
-89
-18
-78
-389
-53
-5
-238
-62
-124
-157
-365
-409
-106
-417
-384
-76
-35
-447
-270
-238
-127
-23
-467
-471
-390
-104
-490
-333
-366
-415
-238
-442
-282
-72
-220
-434
-275
-227
-4
-70
-146
-244
6
-296
-193
-235
1
-376
-276
-97
-497
-43
-471
-267
-250
-295
-59
-207
-25
-227
-437
-302
-252
-384
-349
-285
-236
-189
-81
-176
-341
-144
-435
-425
-161
-378
-109
-51
-342
-343
-51
-112
-306
-112
-302
-117
-404
-357
-355
-307
-499
-50
-222
-150
-240
-53
-342
-52
-267
-462
4
-114
-31
-179
-162
-275
-437
-168
-69
-245
-196
-120
-53
-310
-314
-26
-498
-145
-92
-171
-452
-461
-338
-35
-86
-217
-370
-236
-245
-29
-208
-125
-24
-385
-366
-94
-422
-147
-221
-285
-87
-464
-105
-465
-363
-174
-410
-60
-256
-9
-431
-166
-474
-26
-218
-82
-66
-460
-285
-498
-399
-469
-82
-79
-207
-188
-91
-362
-369
-136
-1
9
-413
-254
-193
-338
-472
-353
-185
-372
-394
-440
-370
-361
-337
-231
-477
-51
-433
-457
-72
-144
-391
-124
-494
-61
-178
-323
-150
-215
-236
-76
-263
-361
-246
-335
-481
-125
-269
-257
-332
-253
-409
-98
-151
-148
-448
-143
-86
-129
-442
-428
-26
-388
1
-458
-125
-354
-75
-77
-325
-191
-58
-179
-288
-15
-482
-106
-119
-340
-479
-458
-44
-179
-303
-175
-350
-231
-289
-438
-119
-115
-81
-254
-313
-20
-258
-65
-52
-235
-2
-124
-200
-195
-375
-38
-184
-495
-326
-384
-495
-296
-307
-162
-461
-118
-47
-373
-225
-32
-81
-172
4
-143
-324
-343
-55
-233
-152
-155
-389
-155
-390
-111
-292
-282
-321
-322
-15
-308
-500
-213
-356
-215
-412
-377
-157
-152
-240
-222
5
-329
-51
-136
-461
-90
-246
-490
-69
-382
-89
-287
-37
-141
-279
-134
-414
-389
-2
-123
-168
-238
-235
-128
-380
-414
-426
-454
-130
-288
-384
-283
-391
-16
-397
3
-398
-287
-354
-230
-498
-126
-31
-116
-462
-169
-341
-292
-275
-489
-102
-306
-423
-88
-494
5
-14
-321
-228
-370
-367
-481
-311
-115
-8
-25
-250
-74
-120
-55
-99
-496
-180
-493
-301
-57
-403
-329
-137
-132
-327
-222
-407
-87
-303
-307
-32
-201
-174
-145
-339
-460
-390
-328
-81
-358
-277
-159
-488
-418
-330
-437
-280
-199
-45
-21
-203
-162
-166
-12
9
-314
-228
-189
-362
-95
-482
-431
-304
-35
-271
-35
-93
-366
-364
-235
-23
-356
-203
-261
-407
-203
-273
-436
-411
-487
-14
-422
-351
-136
2
-32
-310
-84
-486
-27
-233
-475
-85
-243
-490
-405
-131
-121
-492
-461
-69
-271
-154
-404
-122
-444
-419
-492
-192
-179
-14
-89
-302
-287
-268
-28
-71
-10
-4
-85
-213
-463
-470
-449
-46
-482
-207
-205
-265
-434
-364
-127
-89
-323
-45
-409
-420
-468
-362
-496
-131
-41
4
-491
-398
-298
-146
-72
-311
-423
-69
-31
-60
-148
-246
-262
-276
-261
-53
-199
-350
-471
-33
-279
-119
-382
-311
-302
-451
-446
-435
-391
-423
-491
-138
-120
-194
-322
-134
-284
-169
-338
-124
-189
-482
-202
-376
-76
-12
-344
-75
-116
-130
-440
-128
7
-430
-86
-183
-387
-488
-363
-4
-422
-183
-66
-25
-383
-479
-100
-488
-299
-417
-232
-56
-407
-193
-251
-179
-17
-55
-374
-332
-390
-403
-17
-435
-37
-375
-57
-446
-175
-78
-211
-107
-178
-307
-292
-205
-56
-31
-120
-3
-472
-313
-323
-2
-252
-296
-118
-482
-420
-192
-74
-410
-15
-349
-307
-481
-72
-183
-165
-495
-115
-81
0
-395
-374
-81
-112
-279
-46
-497
-300
-141
-403
-368
-449
-308
-89
-434
-411
-257
-37
-42
-48
-311
-385
-236
-212
-455
-455
5
-406
-153
-231
-203
8
-468
-488
-417
-281
-226
-266
-478
-490
-473
-324
-396
-255
-496
-444
-295
-241
-481
-136
-492
-32
5
-309
-434
-203
-164
-33
-15
-115
-153
-306
-79
-116
-417
-170
-366
-113
-108
-353
-171
-7
-453
-135
-13
-105
-274
-378
-455
-367
-485
-397
-275
-444
-373
-320
-266
-482
-99
-464
-241
-64
-172
-104
-316
-397
-219
-286
-148
-353
-265
-364
-100
-2
-483
-498
-282
-208
-348
-277
-495
-30
-60
-112
-431
-236
-126
-71
-375
-94
-455
-313
-278
-180
-500
-483
-254
7
-101
-89
-495
-462
-106
-294
-78
-234
-346
-238
-59
-325
-336
-133
-98
-279
-265
-390
4
-344
-342
-208
-90
-233
-41
-141
-489
-426
-111
-414
-436
-263
-269
-35
-141
-202
-385
-312
-417
-26
-36
-415
-134
-361
-141
-342
-186
-225
-168
-306
-266
-446
-455
-395
-219
-47
-216
-396
-450
-216
-59
-252
-168
-61
-32
-53
-133
-345
-80
-327
-238
-223
-176
-329
-144
-339
-466
-9
-475
-29
-82
-273
-80
-100
-217
-109
-374
-108
-241
-402
-49
-217
-479
-25
-203
-303
-276
-252
-124
-497
-47
-112
-274
-491
-324
-82
-393
-320
3
-54
-86
-465
-127
-289
-218
-220
-331
-177
-431
-168
-315
-323
-200
-372
-290
-378
-189
-293
-66
-25
-131
-408
-448
-474
5
-443
-42
-237
-487
-88
-430
-92
-500
-12
-315
-86
-18
-325
-150
-238
-354
-458
-166
-324
-404
-279
-192
-358
-160
-181
-400
-479
6
-294
-335
-325
-422
-458
-487
-402
-90
-276
-365
-411
-244
-70
-52
-28
-144
-275
-188
-436
-127
-36
-144
-48
-368
-224
-151
-406
-128
-380
-455
-43
-118
-34
-137
-410
-445
-352
-274
-388
-77
7
-56
-381
-444
-173
-88
-296
-141
6
-475
-428
-244
-227
-315
-332
-455
-60
-218
-267
-169
-327
-114
-319
-222
-283
-115
-24
-414
-140
-347
-466
-139
-247
7
-410
-72
-366
-434
-394
-418
-182
-146
-107
-241
-392
-122
-327
-462
-163
-394
-358
-86
-45
-235
-123
-15
-269
-59
-123
-270
-333
-447
-460
-431
-467
-41
-73
-476
-342
-106
-111
-82
-448
-140
-489
-438
-174
-500
-310
-400
-231
-238
-163
-107
-99
-391
-21
-61
-237
-490
-95
-307
-365
-359
9
-305
-332
-490
-446
-114
-437
-182
-381
-261
-21
-486
-447
-21
-144
-216
-99
-472
-186
-232
-43
-49
-435
-341
-281
-318
-439
-194
-238
-72
-134
-179
-62
-365
-209
-385
-222
-279
-252
-22
-172
-347
-399
-52
-133
-38
-132
-158
-248
-316
-435
-31
-473
-20
-306
-325
-190
-172
-54
-23
